0.0188315 0.0241429 0.044423 0.0902945 0.0931917 0.149686 0.137615 0.0202801 0.054563 0.139546 0.143409 0.0584259 0.0188315 0.00386287 0.00241429 0.0748431 0.0787059 0.0564944 0.0482859 0.0270401 0.181555 0.0787059 0.0226944 0.0222115 0.129889 0.0569773 0.0700145 0.064703 0.0507001 0.0366972 0.0202801 0.0458716 0.0535973 0.0439401 0.061323 0.0637373 0.0622887 0.037663 0.0207629 0.0178658 0.0951231 0.195558 0.184452 0.0762916 0.0207629 
0.00359595 0.00882641 0.0241909 0.0451128 0.131742 0.1288 0.132069 0.118012 0.161491 0.148741 0.0395554 0.0310559 0.0107878 0.0104609 0.00523047 0.078457 0.116705 0.0150376 0.0562275 0.0490356 0.000980713 0.033998 0.117032 0.0997058 0.0362864 0.162471 0.114743 0.0957829 0.0186335 0.00424975 0.00457666 0.0117686 0.0124224 0.0196143 0.0353057 0.0523047 0.0679961 0.177182 0.258581 0.223276 0.054593 0.0480549 0.0261523 0.00686499 0.000980713 
0.0090549 0.0560272 0.0424448 0.0390492 0.11262 0.143746 0.175439 0.0232032 0.165252 0.0962083 0.0271647 0.0509338 0.0316921 0.0169779 0.00962083 0.113186 0.0764007 0.0294284 0.0860215 0.129598 0.0305603 0.0548953 0.0113186 0.123373 0.0718732 0.0481041 0.102434 0.0616865 0.0458404 0.0147142 0.0237691 0.0616865 0.104697 0.0260328 0.0662139 0.0367855 0.0203735 0.0226372 0.0260328 0.0848896 0.189021 0.220147 0.102999 0.00962083 0.00452745 
0.00206398 0.0171999 0.0419677 0.0670795 0.120055 0.137255 0.0990712 0.142071 0.149295 0.0643275 0.0694874 0.0485036 0.0330237 0.00584795 0.00240798 0.00550396 0.0560715 0.148607 0 0.105263 0 0.00687994 0.116271 0.0144479 0.0595115 0.0313037 0.177159 0.0787754 0.135879 0.0639835 0.00240798 0.00619195 0.00894393 0.0127279 0.0313037 0.0361197 0.0412797 0.0739594 0.149983 0.270382 0.226694 0.104231 0.0230478 0.0103199 0.00206398 
0.00296896 0.0099865 0.0302294 0.051552 0.0242915 0.0923077 0.00404858 0.17031 0.157085 0.215115 0.139271 0.0394062 0.0510121 0.00701754 0.00512821 0.0434548 0.14413 0.0299595 0.0842105 0.0145749 0.0380567 0.111201 0.0847503 0.0267206 0.144939 0.109852 0.065587 0.0669366 0.0240216 0.011336 0.00134953 0.0450742 0.0634278 0.0453441 0.0669366 0.0407557 0.0280702 0.00674764 0.0175439 0.0315789 0.0601889 0.0574899 0.19892 0.280162 0.0561404 
0.00172159 0.00541072 0.0140187 0.0307427 0.0882932 0.0774717 0.127644 0.212986 0.0831284 0.155189 0.110182 0.0477127 0.0359075 0.00713232 0.00221348 0.15273 0.0570585 0.00122971 0.104033 0 0.0250861 0.145598 0.0105755 0.113625 0.0371372 0.139941 0.102558 0.025578 0.0668962 0.0172159 0 0.00147565 0.00491884 0.00860797 0.0162322 0.0280374 0.0582882 0.0526316 0.110674 0.188392 0.1788 0.189375 0.103788 0.0494343 0.00909985 
0.00222779 0.00696185 0.0498468 0.0832637 0.142579 0.108605 0.182679 0.11501 0.0668337 0.125592 0.0659983 0.0359231 0.00974659 0.00362016 0.000835422 0.00974659 0.0286828 0.0893901 0.0846561 0.0342523 0.0785297 0.130326 0.136174 0.0793651 0.117238 0.0921749 0.0378725 0.0632136 0.0100251 0.00779727 0.0075188 0.00306321 0.021721 0.0506823 0.0774158 0.126706 0.12782 0.0704539 0.0810359 0.194932 0.134224 0.0776942 0.0103035 0.00668338 0.00946811 
0.00109081 0.00545405 0.00218162 0.00545405 0.00763567 0.0365421 0.058631 0.129806 0.17453 0.227979 0.187892 0.0976275 0.043087 0.0193619 0.00245432 0.0169076 0.0837197 0.0842651 0.0580856 0.103627 0.0207254 0.0400873 0.063267 0.125716 0.127897 0.0736297 0.0845378 0.0545405 0.0537224 0.00899918 0.00518135 0.0109081 0.0177257 0.0414508 0.104172 0.134715 0.208072 0.201527 0.130352 0.0523589 0.0526316 0.027543 0.00627216 0.00299973 0.00354513 
0.0317604 0.01951 0.0299456 0.0794011 0.169691 0.0671506 0.0140653 0.155172 0.0440109 0.027677 0.0544465 0.176044 0.0657895 0.0349365 0.0294918 0.118875 0.0322142 0.0462795 0.0190563 0.064882 0.0499093 0.137931 0.118421 0.0167877 0.117967 0.0834846 0.0399274 0.0839383 0.0426497 0.0272232 0.0213249 0.0376588 0.0467332 0.0907441 0.0952813 0.0725953 0.050363 0.030853 0.0353902 0.0344828 0.0666969 0.11706 0.198276 0.084392 0.0176951 
0.00397219 0.00993049 0.0105925 0.0506455 0.0552797 0.156902 0.143661 0.20523 0.13671 0.110559 0.0390599 0.0516385 0.00562728 0.00860642 0.0112546 0.0562728 0.150612 0.00331016 0.0863952 0.0188679 0 0 0.108242 0.0758027 0.0314465 0.14664 0.129758 0.110559 0.0698444 0.0119166 0.00761337 0.021185 0.0297915 0.0499834 0.0665343 0.0506455 0.0652102 0.138034 0.13042 0.13042 0.204568 0.060576 0.0307845 0.0105925 0.00331016 
0.00155561 0.0184081 0.0342235 0.0653358 0.0326679 0.190303 0.101115 0.130153 0.0666321 0.113041 0.117449 0.0624838 0.0464091 0.017371 0.00259269 0.153487 0.0565206 0 0.0474462 0.0622245 0.121597 0.0681877 0.0277418 0.128857 0.0645579 0.0832253 0.0645579 0.028001 0.0630023 0.0298159 0.0972258 0.100596 0.0601504 0.0572984 0 0 0.000518538 0.00777807 0.0152969 0.0798548 0.116152 0.0842624 0.180451 0.153228 0.0461499 
0.00271297 0.0084102 0.0455779 0.0450353 0.0431362 0.193163 0.0973956 0.191536 0.177699 0.0843733 0.0328269 0.0412371 0.0105806 0.0206186 0.00515464 0.0387954 0.17146 0 0.0916983 0.0135648 0 0.0187195 0.124254 0.0718937 0.00651112 0.131579 0.0718937 0.125339 0.0908844 0.0431362 0.00108519 0.00434075 0.00406945 0.0135648 0.010038 0.0442214 0.128866 0.326913 0.175529 0.213782 0.0518177 0.00732501 0.0111232 0.00515464 0.00189908 
0.0606516 0.14787 0.0641604 0.075188 0.118296 0.110276 0.00501253 0.0546366 0.101754 0.079198 0.0837093 0.0426065 0.0300752 0.0195489 0.00601504 0.105764 0.104261 0.00300752 0.102757 0.222055 0.114787 0.0862155 0.00350877 0.108772 0.0155388 0.0556391 0.00802005 0.0626566 0.00401002 0.00250627 0.00952381 0.0426065 0.0100251 0.0466165 0.0486216 0.0115288 0.113283 0.0796992 0.037594 0.0441103 0.0401003 0.164411 0.117293 0.16792 0.0661654 
0.0404432 0.0382271 0.0227147 0.0160665 0.0393352 0.0371191 0.147922 0.101939 0.0975069 0.233795 0.0858726 0.0299169 0.0293629 0.0415512 0.034349 0.0886427 0.119668 0.00166205 0.0116343 0.0941828 0.0166205 0.100831 0.14072 0.138504 0.0160665 0.108587 0.068144 0.0216066 0.0626039 0.00941828 0.0448753 0.068144 0.0614958 0.115235 0.0598338 0.0481994 0.0875346 0.0891967 0.146814 0.0121884 0.105817 0.0637119 0.0443213 0.00387812 0.0481994 
0.00369344 0.000923361 0.0784857 0.12373 0.136657 0.0452447 0.125577 0.0637119 0 0.102493 0.178209 0.0544783 0.023084 0.0572484 0.00554017 0.116343 0.0775623 0.0203139 0.0304709 0.11819 0.161588 0.0480148 0.0526316 0.00923361 0.129271 0.0590951 0.0360111 0.0674054 0.0655586 0.00738689 0.0590951 0.0821791 0.0646353 0.00369344 0.0489381 0.056325 0 0 0.0313943 0.0498615 0.023084 0.0729455 0.169898 0.168975 0.168052 
0.00412797 0.0103199 0.00825593 0.00619195 0.0113519 0.0608875 0.0908153 0.184727 0.260062 0.185759 0.0732714 0.0732714 0.0123839 0.00412797 0.0134159 0.0846233 0.118679 0.0227038 0.0464396 0.0423117 0.0319917 0.0588235 0.128999 0.0959752 0.0340557 0.0753354 0.0990712 0.0526316 0.0815273 0.0257998 0.00825593 0.00515996 0.0165119 0.0299278 0.0505676 0.103199 0.140351 0.0939112 0.115583 0.0423117 0.142415 0.100103 0.0763674 0.0588235 0.0154799 
0.0522105 0.0922105 0.0378947 0.0471579 0.0370526 0.0471579 0.178105 0.0631579 0.0909474 0.145684 0.0665263 0.0513684 0.0538947 0.0223158 0.0138947 0.114947 0.0871579 0.00294737 0.0804211 0.0248421 0.0496842 0.189474 0.0122105 0.146105 0.00884211 0.0778947 0.0867368 0.056 0.00378947 0.0534737 0.0113684 0.0534737 0.096 0.0492632 0.0362105 0.0694737 0.0134737 0.0101053 0.0357895 0.0736842 0.0522105 0.0816842 0.147368 0.145263 0.124211 
0.169238 0.0562613 0.160163 0.170145 0.0303993 0.192831 0.0921053 0.0671506 0.0322142 0.00952813 0.00725953 0.000907441 0.00408348 0.00408348 0.00272232 0.107532 0.102541 0 0.0381125 0.0671506 0.00589837 0.0821234 0.0911978 0.100726 0.14882 0.00907441 0.110708 0.0358439 0.0471869 0.0521779 0.0140653 0.0335753 0.0272232 0.0299456 0.0907441 0.0825771 0.0884755 0.181034 0.100726 0.1402 0.0621597 0.0639746 0.0235935 0.0272232 0.0326679 
0.00272232 0.0344828 0.0326679 0.0476407 0.00589837 0.0376588 0.127042 0.150181 0.0948276 0.0825771 0.076225 0.163793 0.0939201 0.0331216 0.0167877 0.1402 0.0657895 0.00408348 0.000907441 0.0902904 0.122505 0.235935 0.0871143 0.0794011 0.0403811 0.0462795 0.00862069 0.0353902 0.0367514 0.00589837 0.0281307 0.110708 0.0508167 0.0272232 0.0263158 0.0921053 0.0322142 0.0217786 0.0186025 0.0258621 0.15245 0.217786 0.161978 0.022686 0.0108893 
0.121263 0.0555789 0.191158 0.0446316 0.0501053 0.117053 0.0551579 0.111158 0.118316 0.0534737 0.0395789 0.0235789 0.0122105 0.00378947 0.00252632 0.207158 0 0 0.105263 0 0.00673684 0.0627368 0.0686316 0.155789 0.171789 0.008 0.105263 0.0101053 0.0425263 0.0526316 0 0.00210526 0.00168421 0.0113684 0.0101053 0.0168421 0.00884211 0.0261053 0.148632 0.0804211 0.168 0.146947 0.210526 0.0968421 0.0711579 
0.000862813 0.00560828 0.0150992 0.0716135 0.189387 0.0763589 0.0258844 0.0258844 0.154012 0.0836928 0.0547886 0.0345125 0.0534944 0.179034 0.0289042 0.132442 0.071182 0.0064711 0.0284728 0.0974978 0.161346 0.133305 0.0409836 0.122088 0.0957722 0.029767 0.0698878 0.00431406 0.00301984 0.00301984 0.0336497 0.0569456 0.0815358 0.154012 0.118205 0.0409836 0.0327869 0.0228645 0.0427092 0.10742 0.136756 0.143227 0.0189819 0.00301984 0.00474547 
0.00677436 0.0734758 0.0927566 0.0922355 0.166232 0.049505 0.0411673 0.115685 0.0531527 0.112038 0.0917144 0.0385618 0.0338718 0.025013 0.00729547 0.170401 0.039604 0 0.105263 0 0.00312663 0.0375195 0.133403 0.0354351 0.166754 0.0307452 0.136529 0.0531527 0.0312663 0.0552371 0.00260552 0.015112 0.0130276 0.0255341 0.0291819 0.0505472 0.0505472 0.0604482 0.102658 0.227202 0.199583 0.134966 0.0510683 0.0359562 0.00104221 
0.254386 0.107895 0.0565789 0.127632 0.0390351 0.0692982 0.115351 0.135526 0.0679825 0.0135965 0.00307018 0.00263158 0.00307018 0.00131579 0.00219298 0.0127193 0.110965 0.0855263 0.000877193 0.0223684 0.215351 0.150877 0.0342105 0.136842 0.00745614 0.0184211 0.0986842 0.0526316 0 0.0526316 0.0407895 0.0991228 0.0526316 0.115789 0.110088 0.0504386 0.0280702 0.022807 0.0671053 0.0403509 0.0622807 0.120614 0.106579 0.0754386 0.00745614 
0.0155578 0.000331016 0.111221 0.173452 0.100629 0.1334 0.135386 0.177756 0.115194 0.0162198 0.0105925 0.00331016 0.00132406 0.00297915 0.00231711 0.185369 0.0235022 0 0.0906984 0.0145647 0.000662032 0.081099 0.0986428 0.118504 0.158557 0.00761337 0.0867262 0.0387289 0.041046 0.0526316 0 0.000331016 0.000993049 0.00397219 0.00827541 0.00827541 0.0470043 0.0781198 0.109897 0.253558 0.163522 0.204899 0.0592519 0.040715 0.020854 
0.00418958 0.0405865 0.0505368 0.113904 0.0877193 0.183556 0.0997643 0.0628437 0.119141 0.0424195 0.0458235 0.0523697 0.0617963 0.0251375 0.00995025 0.00654622 0.0560356 0.0688662 0.0366588 0.0261849 0.0471328 0.0837916 0.205813 0.140875 0.135114 0.10343 0.0366588 0.0235664 0.00104739 0.0280178 0.00523697 0.043205 0.067557 0.136947 0.0989788 0.0625818 0.067557 0.139303 0.257397 0.0377062 0.019115 0.0366588 0.0091647 0.0162346 0.00209479 
0.0141274 0.0105263 0.0218837 0.0645429 0.170914 0.162604 0.182825 0.150416 0.0551247 0.0518006 0.0429363 0.0235457 0.0307479 0.0163435 0.00138504 0.067867 0.0113573 0.00969529 0.0457064 0.032133 0.0592798 0.0880886 0.104155 0.175069 0.179224 0.0570637 0.106925 0.0188366 0.0265928 0.0177285 0.00166205 0.00470914 0.00886427 0.0210526 0.0479224 0.0282548 0.0421053 0.0484765 0.0897507 0.139335 0.290859 0.211357 0.034349 0.0279778 0.00304709 
0.0178138 0.0404858 0.11417 0.0821862 0.161538 0.110121 0.120243 0.127935 0.0477733 0.0360324 0.0554656 0.0230769 0.0291498 0.0226721 0.0109312 0.0481781 0.0165992 0.0133603 0.0202429 0.0453441 0.0684211 0.140486 0.22996 0.189069 0.0834008 0.0676113 0.0433198 0.0145749 0.00445344 0.0121457 0.0161943 0.0109312 0.040081 0.0740891 0.0550607 0.0680162 0.0906883 0.0461538 0.0700405 0.0631579 0.179757 0.187854 0.0805668 0.01417 0.00283401 
0.00979192 0.0171359 0.0140759 0.0247858 0.0309058 0.0517136 0.0719094 0.136169 0.172277 0.150857 0.141371 0.0954712 0.0636475 0.0189718 0.000611995 0.0379437 0.0152999 0.00550796 0.0339657 0.00520196 0.0238678 0.0563035 0.191248 0.311505 0.20869 0.0336597 0.0321297 0.0229498 0.00550796 0.0159119 0.00703794 0.00764994 0.0149939 0.0275398 0.0351897 0.0618115 0.0801714 0.114749 0.112301 0.148103 0.20563 0.0820073 0.0651775 0.0269278 0.0104039 
0.00511696 0.00511696 0.00767544 0.0296053 0.066155 0.0343567 0.0325292 0.0423977 0.0884503 0.134137 0.189327 0.122807 0.144371 0.0785819 0.0190058 0.0398392 0.0248538 0.00950292 0.0303363 0.0237573 0.067617 0.0840643 0.176535 0.225512 0.123173 0.0774854 0.061769 0.0248538 0.0164474 0.0127924 0.00146199 0.0321637 0.0434942 0.0252193 0.0445906 0.0434942 0.0599415 0.0705409 0.102705 0.105263 0.135965 0.265351 0.0562866 0.00767544 0.00548246 
0.00384388 0.0133057 0.0165583 0.0280899 0.0224719 0.0366647 0.0881135 0.132466 0.196925 0.189829 0.141928 0.0715553 0.029864 0.0218805 0.00620934 0.054997 0.0201064 0.0106446 0.0378474 0.0632762 0.0443525 0.121526 0.172088 0.154347 0.145476 0.0416913 0.0508575 0.0467179 0.00827913 0.0274985 0.00236546 0.0103489 0.0334122 0.0351863 0.0295683 0.0390302 0.0558841 0.0742164 0.090479 0.120639 0.209048 0.16026 0.0674157 0.0399172 0.0319338 
0.00823287 0.0211702 0.0864452 0.121435 0.189062 0.20935 0.102323 0.106145 0.0596883 0.0214643 0.0241106 0.0317554 0.00411644 0.00793884 0.00646869 0.00382241 0.0402823 0.0552779 0.0305792 0.0420465 0.0773302 0.109968 0.176419 0.181123 0.0855631 0.0770362 0.0591003 0.0308733 0.0117612 0.0182299 0.00646869 0.0235225 0.0682152 0.0935019 0.0926198 0.09409 0.0999706 0.149662 0.132902 0.0911497 0.066157 0.0170538 0.0291091 0.0235225 0.0117612 
0.00485437 0.0224834 0.0442003 0.0666837 0.116249 0.176035 0.207971 0.177823 0.0789474 0.0232499 0.0229944 0.0183955 0.01814 0.0145631 0.00715381 0.0526316 0.0104752 0.0117527 0.0431783 0.0449668 0.0462443 0.133112 0.177823 0.232499 0.105008 0.0482882 0.0536536 0.0166071 0.00945324 0.0140521 0.00229944 0.0217169 0.0493102 0.0843127 0.0945324 0.102708 0.0794584 0.177568 0.215892 0.0838017 0.0500766 0.020184 0.0114972 0.0035769 0.00255493 
0.00682788 0.0110953 0.0221906 0.0438122 0.0762447 0.186913 0.188336 0.115505 0.0958748 0.116358 0.0463727 0.0332859 0.0315789 0.0173542 0.00796586 0.00739687 0.0469417 0.0477952 0.0162162 0.0372688 0.103272 0.220199 0.250071 0.0961593 0.0776671 0.0341394 0.0324324 0.00512091 0.0173542 0.00768137 0.0193457 0.0529161 0.0631579 0.0822191 0.0654339 0.0916074 0.0893314 0.0719772 0.154481 0.127738 0.0711238 0.0440967 0.0472262 0.0125178 0.0059744 
0.0192147 0.0637705 0.0971874 0.181565 0.19521 0.186578 0.0985798 0.0671122 0.0292398 0.0147591 0.0189362 0.0136452 0.00835422 0.00362016 0.00194932 0.0726817 0.0155945 0.00612643 0.0545809 0.0286828 0.0194932 0.0969089 0.169034 0.186578 0.131997 0.0682261 0.0726817 0.0412141 0.0153161 0.0203286 0.00278474 0.00612643 0.00807574 0.0231133 0.0414926 0.0543024 0.0685046 0.0994152 0.0609858 0.095795 0.160958 0.227235 0.0983013 0.0442774 0.00807574 
0.0122998 0.0248856 0.0926773 0.148741 0.166476 0.113272 0.132151 0.0812357 0.0552059 0.0775172 0.0371854 0.0389016 0.0148741 0.00257437 0.00143021 0.0406178 0.0320366 0.00943936 0.0286041 0.0755149 0.0883867 0.192506 0.19508 0.108696 0.0291762 0.0715103 0.0652174 0.041762 0.00629291 0.0148741 0.00314645 0.01373 0.0311785 0.0746567 0.0723684 0.0963959 0.107265 0.0823799 0.0806636 0.137586 0.162185 0.0732265 0.0403318 0.0177346 0.00686499 
0.00954309 0.0179294 0.0202429 0.0543667 0.120879 0.163968 0.242626 0.176403 0.0795257 0.0482938 0.040775 0.0127241 0.00607287 0.00462695 0.00173511 0.0665124 0.0118566 0.00838635 0.0410642 0.018797 0.0532099 0.106998 0.229323 0.189705 0.126374 0.0419318 0.0555234 0.0231348 0.0104106 0.0161943 0.00202429 0.0190862 0.0413534 0.0665124 0.0777906 0.100925 0.100636 0.1524 0.248988 0.156449 0.0231348 0.00578369 0.00231348 0.00144592 0.000867554 
0.00225271 0.00737252 0.0192505 0.0317428 0.0595945 0.107925 0.133934 0.175916 0.173459 0.128405 0.0694245 0.0411632 0.0329715 0.0112636 0.00491501 0.030514 0.142331 0.026623 0.010854 0.0776162 0.0292853 0.0540651 0.0966619 0.153799 0.125333 0.0446447 0.0845792 0.056113 0.0339955 0.0333811 0 0.000409584 0.00716772 0.0182265 0.0407536 0.0626664 0.0888798 0.187794 0.303912 0.138849 0.0847839 0.0452591 0.0161786 0.00286709 0.00184313 
0.00168571 0.0104889 0.0213523 0.0550665 0.0747331 0.103016 0.189736 0.22345 0.136917 0.0867204 0.0584379 0.0232253 0.00636823 0.00693014 0.00149841 0.0149841 0.0254729 0.0320285 0.0627458 0.143285 0.144409 0.059749 0.165761 0.132796 0.00805394 0.0642442 0.0554411 0.0382094 0.00655553 0.0457014 0.00262221 0.00618093 0.00355872 0.00206031 0.0198539 0.04233 0.0899045 0.109196 0.109571 0.152838 0.221952 0.0816632 0.0672411 0.0719236 0.0189174 
0.00811404 0.0127193 0.0234649 0.0241228 0.0666667 0.20943 0.257237 0.180482 0.095614 0.0692982 0.0221491 0.0127193 0.00833333 0.00701754 0.00241228 0.0133772 0.0903509 0.0666667 0.0528509 0.0686404 0.0263158 0.0550439 0.0754386 0.165351 0.133333 0.0473684 0.0949561 0.0508772 0.0157895 0.0432018 0.00328947 0.010307 0.0195175 0.0517544 0.0879386 0.10636 0.172807 0.14057 0.183333 0.0554825 0.0609649 0.0530702 0.0394737 0.0120614 0.00285088 
0.0023457 0.0134878 0.038704 0.0649465 0.117871 0.196745 0.239554 0.131506 0.0406099 0.0309339 0.0448615 0.0347456 0.0175927 0.0153936 0.0105556 0.00395836 0.0171529 0.068465 0.023457 0.0237502 0.029028 0.0502859 0.1296 0.193227 0.209207 0.052485 0.0964668 0.0407565 0.0351855 0.0268289 0.00381176 0.0101158 0.0499927 0.108928 0.119044 0.164639 0.147192 0.147632 0.0755021 0.0807799 0.0357719 0.0300542 0.0208181 0.00527782 0.000293212 
0.00231348 0.00886832 0.0171583 0.0358589 0.0474263 0.0981299 0.151918 0.150762 0.203971 0.10507 0.0588009 0.0674764 0.0314247 0.0194718 0.000963948 0.0300752 0.111625 0.0464623 0.0483902 0.0593792 0.0213997 0.0871409 0.136495 0.106613 0.139387 0.00732601 0.100443 0.0481974 0.0158088 0.0410642 0.00347021 0.00694043 0.0480046 0.055909 0.0580297 0.0711394 0.145942 0.0844419 0.164835 0.117987 0.0665124 0.0437633 0.041257 0.0393291 0.0520532 
0.00393332 0.0127365 0.0254729 0.0554411 0.104701 0.187676 0.167634 0.122869 0.127927 0.117625 0.0481364 0.0177936 0.00674284 0.000936505 0.000187301 0.0235999 0.0393332 0.0606855 0.075295 0.11032 0.166885 0.0419554 0.165387 0.103765 0.00187301 0.0979584 0.0355872 0.0239745 0.0121746 0.0406443 0.000749204 0.00355872 0.013673 0.0146095 0.00767934 0.0140476 0.026784 0.12493 0.158644 0.144784 0.228507 0.136168 0.0614347 0.0408316 0.0234126 
0.000907441 0.00181488 0.0240472 0.0696461 0.069873 0.102995 0.178993 0.0993648 0.15608 0.102541 0.0943739 0.073049 0.0220054 0.00272232 0.00136116 0.0455989 0.139973 0.0258621 0.0453721 0.0587568 0 0.0331216 0.114791 0.0916515 0.104129 0.0846189 0.128176 0.0564882 0.029265 0.0419691 0.00431034 0.00499093 0.00952813 0.00635209 0.0147459 0.0297187 0.0494555 0.0778131 0.118421 0.146325 0.148367 0.230263 0.0902904 0.0410617 0.0281307 
0.0015949 0.00299043 0.00877193 0.0179426 0.0657895 0.0875199 0.118222 0.215112 0.185207 0.100478 0.0837321 0.0618022 0.0330941 0.0131579 0.00438596 0.00897129 0.0105662 0.00677831 0.0422648 0.0251196 0.0725678 0.126396 0.119817 0.176435 0.142345 0.111244 0.0811404 0.0215311 0.0352871 0.0193381 0.000598086 0.00219298 0.00817384 0.0149522 0.0683812 0.123604 0.138357 0.154904 0.158094 0.14374 0.0801435 0.0530303 0.0374801 0.0135566 0.00259171 
0.00877193 0.020749 0.0514507 0.0598853 0.0946356 0.19332 0.224528 0.151822 0.115216 0.0426788 0.016363 0.00978408 0.00708502 0.00303644 0.000506073 0.039305 0.108468 0.0433536 0.0566802 0.0585358 0.0161943 0.0711876 0.167004 0.122132 0.0961538 0.0630904 0.0775978 0.0354251 0.0310391 0.013664 0.00219298 0.00303644 0.00691633 0.0140013 0.0310391 0.0740553 0.135796 0.144062 0.132591 0.183198 0.121795 0.0781039 0.0590418 0.0118084 0.00219298 
0.000368053 0.00128819 0.00202429 0.0125138 0.027788 0.0495031 0.100847 0.127714 0.171513 0.195436 0.172065 0.0817078 0.0421421 0.0106735 0.00423261 0.00423261 0.020795 0.0638572 0.055392 0.0401178 0.0910931 0.0990063 0.134155 0.13618 0.134707 0.0323887 0.0837321 0.0358852 0.0288922 0.0391976 0.000920133 0.00515274 0.0441664 0.102319 0.0909091 0.131395 0.128819 0.226537 0.130107 0.0649614 0.0274199 0.0281561 0.0156423 0.0027604 0.00055208 
0.0227368 0.0981053 0.381474 0.325474 0.105684 0.0421053 0.00926316 0.00210526 0 0 0 0 0.00252632 0.00631579 0.00378947 0.0492632 0.137684 0.0298947 0.0501053 0.0534737 0.0345263 0.0842105 0.174737 0.111579 0.0724211 0.0467368 0.0627368 0.0391579 0.0214737 0.0315789 0.184 0.386526 0.296 0.0993684 0.0164211 0.00378947 0.000421053 0 0 0 0 0 0 0.00673684 0.00589474 
0.00517688 0.00345125 0.0232959 0.0621225 0.0957722 0.126833 0.150129 0.28214 0.105263 0.125108 0.00949094 0.0069025 0.000862813 0.00172563 0.000862813 0.078516 0.050906 0.0422778 0.0578085 0.0672994 0.0120794 0.0836928 0.186368 0.0905953 0.112166 0.0319241 0.0672994 0.0483175 0.0172563 0.0526316 0.00258844 0.00862813 0.0172563 0.0465919 0.0595341 0.0215703 0.078516 0.0974978 0.113028 0.243313 0.158758 0.0327869 0.0388266 0.078516 0.000862813 
0.0273899 0.1058 0.0338346 0.0746509 0.127282 0.0515575 0.0134264 0.119227 0.0692803 0.0698174 0.0483351 0.0891514 0.104189 0.0440387 0.0214823 0.0886144 0.0155747 0.00966702 0.0494092 0.0977444 0.0107411 0.102041 0.151987 0.134801 0.128357 0.00429646 0.0870032 0.0655209 0.00859291 0.0451128 0.0155747 0.0268528 0.0107411 0.0365199 0.0225564 0.0145005 0.0300752 0.056928 0.0531686 0.056391 0.0553169 0.17884 0.212137 0.190118 0.0392052 
0.00334928 0.00956938 0.0727273 0.0435407 0.0555024 0.0784689 0.0521531 0.0688995 0.119139 0.152153 0.0684211 0.0770335 0.120574 0.0636364 0.0133971 0.0602871 0.0368421 0.0076555 0.0215311 0.0550239 0.0602871 0.0736842 0.111005 0.199043 0.156938 0.0114833 0.0665072 0.0899522 0.00956938 0.0397129 0.0133971 0.0157895 0.0272727 0.0406699 0.0354067 0.0368421 0.054067 0.0574163 0.0818182 0.0746411 0.111962 0.10622 0.170813 0.125359 0.0478469 
0.00675676 0.0273826 0.115576 0.101707 0.0199147 0.10064 0.0921053 0.115932 0.00391181 0.076458 0.0928165 0.0782361 0.121622 0.0348506 0.0117354 0.0864154 0.0590327 0.00640114 0.0750356 0.056899 0.00711238 0.0910384 0.137269 0.117354 0.15256 0 0.0540541 0.103841 0.00177809 0.0504979 0.00497866 0.0188478 0.0280939 0.0295164 0.0263158 0.0227596 0.0241821 0.0394737 0.0544097 0.0928165 0.0785917 0.19239 0.20377 0.144381 0.0341394 
0.00907441 0.0170599 0.0660617 0.0990926 0.0359347 0.0682396 0.0943739 0.0892922 0.117967 0.0366606 0.106715 0.102722 0.0377495 0.113975 0.00471869 0.0852995 0.0671506 0.00689655 0.0972777 0.0275862 0.014882 0.0907441 0.149183 0.0969147 0.150272 0.00725953 0.0290381 0.124501 0.00326679 0.0493648 0.0061706 0.0123412 0.00798548 0.0127042 0.00834846 0.031216 0.03049 0.0261343 0.0497278 0.124864 0.153539 0.187659 0.233031 0.0900181 0.0221416 
0.00986842 0.0718985 0.0845865 0.0319549 0.0432331 0.0484023 0.106203 0.0808271 0.136278 0.0625 0.0972744 0.0300752 0.0775376 0.0615602 0.0573308 0.049812 0.0455827 0.0103383 0.087406 0.0728383 0.00845865 0.0859962 0.165414 0.12312 0.139568 0.000469925 0.0695489 0.0883459 0.00657895 0.0460526 0.0234962 0.0390038 0.0117481 0.0140977 0.0164474 0.0234962 0.0169173 0.0549812 0.0878759 0.0878759 0.12453 0.233553 0.205357 0.0521617 0.00422932 
0.00980036 0.0290381 0.0315789 0.0754991 0.117604 0.0736842 0.0834846 0.0696915 0.103085 0.109982 0.0823956 0.00907441 0.0508167 0.127768 0.0261343 0.0486388 0.0431942 0.0145191 0.0646098 0.0577132 0.0439201 0.0965517 0.153902 0.121597 0.144465 0 0.0780399 0.0798548 0.00435572 0.0482759 0.0232305 0.030853 0.015971 0.0112523 0.00834846 0.0388385 0.0199637 0.0519056 0.0493648 0.0689655 0.12922 0.218875 0.218512 0.1049 0.00907441 
0.0135338 0.0471178 0.0786967 0.0892231 0.0606516 0.0947368 0.0686717 0.123308 0.0315789 0.100251 0.0350877 0.112782 0.0646617 0.0671679 0.0110276 0.0290727 0.0656642 0.0345865 0.00501253 0.0992481 0.0421053 0.0471178 0.129825 0.178446 0.149373 0.0085213 0.0451128 0.112782 0.000501253 0.0521303 0.0195489 0.0345865 0.0275689 0.047619 0.0566416 0.0561404 0.0661654 0.0847118 0.101253 0.164912 0.201003 0.083208 0.0245614 0.0100251 0.0120301 
0.0106998 0.0106998 0.00694043 0.0182186 0.0581261 0.11336 0.177848 0.182186 0.162811 0.144303 0.0601504 0.0237131 0.0112782 0.0150376 0.00433777 0.045402 0.051764 0.0167727 0.0352805 0.106998 0.037594 0.0980335 0.148641 0.103528 0.106709 0.097166 0.0725853 0.034413 0.021978 0.0228456 0.0150376 0.0410642 0.0150376 0.0399075 0.0237131 0.0318103 0.0387507 0.064199 0.0610179 0.0801041 0.184211 0.160497 0.0754772 0.103817 0.0647773 
0.0277778 0.0423977 0.149123 0.0258285 0.0389864 0.103314 0.0346004 0.143762 0.0389864 0.0604289 0.0701754 0.038499 0.041423 0.0862573 0.0974659 0.0233918 0.084308 0.0131579 0.0311891 0.109649 0.0082846 0.0540936 0.149123 0.157407 0.153509 0.00438596 0.0540936 0.103801 0 0.0526316 0.0209552 0.0268031 0.0818713 0.0667641 0.0394737 0.0180312 0.0545809 0.0701754 0.0916179 0.156433 0.196394 0.131579 0.0311891 0.0107212 0.00243665 
0.00294737 0.0261053 0.0635789 0.0614737 0.0934737 0.133895 0.0496842 0.134737 0.0698947 0.0429474 0.0955789 0.121684 0.048 0.0429474 0.0126316 0.0454737 0.056 0.0109474 0.0357895 0.0981053 0.0214737 0.0555789 0.165895 0.141474 0.148211 0.0130526 0.0677895 0.0892632 0.00926316 0.0404211 0.0307368 0.0126316 0.0294737 0.0143158 0.0261053 0.0378947 0.0547368 0.0568421 0.0846316 0.114526 0.157895 0.215158 0.12 0.0421053 0.00252632 
0.00434573 0.00917431 0.0642202 0.115403 0.100435 0.0415258 0.082086 0.0584259 0.116852 0.0656688 0.0999517 0.0714631 0.0898117 0.0458716 0.034283 0.0584259 0.0352487 0.0173829 0.0164172 0.0767745 0.0622887 0.0560116 0.126992 0.177209 0.161275 0.000965717 0.0637373 0.0941574 0.00386287 0.047803 0.0284887 0.0236601 0.0415258 0.0637373 0.0439401 0.0434573 0.0555287 0.0656688 0.130855 0.0555287 0.0680831 0.160309 0.129889 0.0690488 0.0193143 
0.020611 0.0404858 0.106367 0.105263 0.145013 0.0920132 0.0986382 0.107471 0.0909091 0.0809717 0.062201 0.0397497 0.00368053 0.00404858 0.00220832 0.0500552 0.0117777 0.0125138 0.0305484 0.090541 0.0559441 0.0375414 0.153846 0.197644 0.118513 0.0533677 0.0864925 0.0467427 0.0246596 0.0272359 0.0150902 0.0588885 0.0702981 0.020979 0.041958 0.0574163 0.048583 0.069562 0.0898049 0.0887008 0.15495 0.125874 0.097166 0.0364372 0.0239234 
0.00269906 0.00337382 0.00708502 0.0445344 0.0937922 0.0931174 0.147773 0.220648 0.119096 0.131916 0.0543185 0.0465587 0.0202429 0.00641026 0.00775978 0.0576923 0.00641026 0.00641026 0.0215924 0.0246289 0.0121457 0.111336 0.190958 0.248313 0.0883941 0.0765857 0.07861 0.0104588 0.044197 0.0215924 0.00236167 0.0209177 0.0873819 0.0209177 0.0145074 0.0570175 0.030027 0.034413 0.0711876 0.235493 0.273954 0.0701754 0.0445344 0.0290148 0.00775978 
0.00212653 0.0175439 0.0515683 0.0653908 0.096757 0.0590112 0.0696438 0.0696438 0.0760234 0.108985 0.12387 0.0733652 0.0781499 0.0855928 0.0212653 0.062201 0.0154173 0.0138224 0.0324296 0.0489102 0.0659224 0.0685805 0.0909091 0.223817 0.161616 0.0382775 0.066454 0.0446571 0.0393408 0.0265816 0.0154173 0.0340245 0.0249867 0.0281765 0.0334928 0.0292398 0.0611377 0.0536948 0.0738969 0.0781499 0.197767 0.244551 0.0643275 0.0366826 0.0233918 
0.00682261 0.00925926 0.0570175 0.0999025 0.0867446 0.0765107 0.0867446 0.0540936 0.0969786 0.00925926 0.0818713 0.0584795 0.100877 0.133528 0.041423 0.0618908 0.0272904 0.00487329 0.117934 0.0419103 0.00974659 0.110624 0.187622 0.0877193 0.138889 0.047271 0.0657895 0.0380117 0.00974659 0.0497076 0.00341131 0.00194932 0.0102339 0.0950292 0.0628655 0.081384 0.041423 0.0253411 0.0248538 0.039961 0.0765107 0.104288 0.213938 0.169591 0.0487329 
0.0309278 0.0444927 0.0396093 0.0992946 0.0629409 0.125882 0.0792187 0.0255019 0.107434 0.123711 0.107434 0.017363 0.0189908 0.0748779 0.0417797 0.0461205 0.037439 0.00922409 0.114487 0.0423223 0.00705372 0.103635 0.21541 0.0586001 0.154639 0.0124797 0.103093 0.0330982 0.0206186 0.0412371 0.0238741 0.00434075 0.0412371 0.0401519 0.0803039 0.0672816 0.0873576 0.0477482 0.0634835 0.0553445 0.134563 0.155724 0.149213 0.0282149 0.0206186 
0.0916515 0.0630672 0.053539 0.0145191 0.0245009 0.073049 0.129764 0.140653 0.0530853 0.107985 0.0508167 0.0499093 0.0512704 0.0553539 0.0399274 0.0539927 0.0358439 0.0399274 0.0603448 0.0852995 0.0136116 0.156987 0.16833 0.0989111 0.0757713 0.0453721 0.081216 0.0235935 0.0326679 0.027677 0.00136116 0.0172414 0.0444646 0.0335753 0.0426497 0.022686 0.0313067 0.0322142 0.0630672 0.107532 0.134755 0.244555 0.178766 0.0245009 0.0208711 
0.00467836 0.019883 0.114912 0.0947368 0.0719298 0.112281 0.172807 0.0961988 0.116082 0.0409357 0.0690058 0.0769006 0.000877193 0.00321637 0.00497076 0.103801 0.0307018 0.021345 0.0827485 0.0476608 0.0277778 0.154094 0.160819 0.0733918 0.0868421 0.0438596 0.0821637 0.0225146 0.0324561 0.0295322 0.00643275 0.0184211 0.0312865 0.0274854 0.0190058 0.0166667 0.0122807 0.0204678 0.0359649 0.0646199 0.338304 0.320468 0.0584795 0.0245614 0.00526316 
0.00122399 0.00581395 0.0367197 0.0602815 0.0853733 0.134333 0.132497 0.121175 0.114137 0.0761934 0.0434517 0.0547736 0.0835373 0.0425337 0.00764994 0.0119339 0.0752754 0.0361077 0.0253978 0.103733 0.0208078 0.0566095 0.175031 0.198592 0.0789474 0.0764994 0.0618115 0.0465116 0.0110159 0.0214198 0.0299878 0.0342717 0.0413097 0.0257038 0.0180539 0.0529376 0.110465 0.140147 0.185129 0.183293 0.0654835 0.0911873 0.0192778 0.00183599 0.000611995 
0.00598086 0.0221292 0.0167464 0.0511364 0.083134 0.141447 0.0956938 0.17195 0.107955 0.0744617 0.102572 0.0792464 0.0242225 0.0161483 0.00687799 0.00598086 0.0290072 0.0879187 0.0188397 0.0989833 0.0361842 0.027811 0.116328 0.16238 0.0822368 0.11244 0.120215 0.0517345 0.0215311 0.027811 0.0236244 0.0269139 0.0215311 0.0236244 0.0215311 0.0284091 0.113038 0.136364 0.225778 0.196471 0.113636 0.055622 0.00777512 0.00269139 0.00269139 
0.0164965 0.0365279 0.0789474 0.11194 0.101728 0.09348 0.115868 0.115475 0.0526316 0.089945 0.0569521 0.0282797 0.0659859 0.0318146 0.00353496 0.069128 0.020817 0.0109976 0.0542027 0.069128 0.034564 0.0549882 0.154753 0.172035 0.135507 0.0514533 0.0946583 0.0106049 0.0443833 0.0216025 0.0247447 0.0530244 0.025923 0.0384918 0.0204242 0.0271013 0.0577376 0.0459544 0.119403 0.213276 0.233307 0.0710919 0.0278869 0.0306363 0.0106049 
0.0285714 0.0537594 0.0966165 0.0646617 0.05 0.0221805 0.087218 0.130075 0.105263 0.0830827 0.0319549 0.107519 0.0195489 0.0601504 0.0582707 0.0793233 0.0394737 0.0195489 0.11203 0.0165414 0.00601504 0.0879699 0.181203 0.0890977 0.155639 0.0139098 0.109398 0.0184211 0.0398496 0.0304511 0.0210526 0.0154135 0.0319549 0.0319549 0.0101504 0.0304511 0.0296992 0.0473684 0.0548872 0.0443609 0.12594 0.214662 0.236466 0.0973684 0.00789474 
0.0546559 0.0801619 0.106883 0.0578947 0.0834008 0.0578947 0.0797571 0.0696356 0.0765182 0.0854251 0.08583 0.0554656 0.0748988 0.01417 0.0165992 0.0615385 0.0619433 0.00404858 0.0396761 0.0668016 0.0425101 0.0740891 0.097166 0.180567 0.155466 0.00445344 0.0619433 0.0927126 0.00323887 0.0522267 0.0137652 0.0101215 0.0315789 0.0781377 0.0433198 0.0230769 0.0174089 0.0392713 0.0587045 0.0696356 0.119433 0.117814 0.212146 0.106073 0.0591093 
0.00388555 0.00317909 0.00600495 0.0201342 0.0801837 0.129283 0.0787707 0.0840692 0.0893677 0.110915 0.107029 0.130696 0.0868951 0.0554574 0.0137761 0.0568704 0.0551042 0.0088308 0.0423879 0.0713529 0.0413282 0.0646415 0.125044 0.172377 0.148004 0.00282586 0.0823031 0.073119 0.00847757 0.0466266 0.0176616 0.0296715 0.0558107 0.0833628 0.0480396 0.0339103 0.0897209 0.0978453 0.0755917 0.121512 0.180148 0.12681 0.0342635 0.00388555 0.00141293 
